2315610
2315611
2315612
2315613
2315614
2315615
2315616
2315617
2315618
2315620
2315622
2315623
2315624
2573567
2573568
2573569
2573570
2573571
2573572
2573573
2573575
2573576
2573577
2573578
2573579
2573580
2573581
2573582
2573583
2573584
2573585
2573586
2573587
2573589
2573590
2573592
2573593
2573594
2573595
2573596
2573598
2573599
2573601
2573603
2573604
2573605
2573606
2573607
2573608
2573609
2575288
2575289
2575291
2575292
2575293
2575304
2575305
2575306
2575316
2575317
2575319
2575320
2575322
2575327
2575331
2575332
2575333
2575334
2575336
2575337
2575343
2575344
2575346
2575347
2575349
2575355
2575357
2575359
2575360
2575361
2575362
2575365
2575370
2575371
2575372
2575373
2575374
2575380
2575382
2584413
2585033
2585034
2585036
2585037
2585040
2585082
2585083
2586807
2586810
2586815
2618643
2618644
2618645
2618646
2618647
2618648
2618649
2618650
2618651
2618652
2618653
2618654
2618655
2618656
2618657
2618658
2618659
2618660
2618662
2618663
2618664
2618665
2618667
2618668
2618669
2618670
2618671
2618672
2618673
2618674
2618675
2618676
2618679
2618680
2618681
2618682
2618683
2618684
2618685
2618686
2618687
2618688
2618689
2618690
2618691
2618692
2618693
2618694
2618697
2618698
2618699
2618700
2618703
2618704
2618705
2618706
2618707
2618709
2618710
2618713
2618716
2618719
2618720
2618722
2618725
2618728
2618729
2618730
2618733
2618734
2618735
2618736
2618741
2618742
2618743
2618744
2618745
2618746
2618747
2618750
2618752
2618754
2618755
2618756
2618757
2618760
2618761
2618762
2618763
2618764
2618766
2618767
2618768
2618769
2618770
2618771
2618772
2618773
2618775
2618776
2618777
2618778
2618779
2618780
2618782
2618783
2618784
2618785
2618786
2618787
2618788
2618789
2618790
2618791
2618792
2618793
2618794
2618795
2618796
2618797
2618798
2618799
2618800
2618801
2618802
2618803
2618804
2618805
2618806
2618807
2618808
2618809
2619705
2635497
2652138
2652139
2652150
2652151
2652152
2652153
2652154
2652156
2652158
2652160
2652161
2652162
2652163
2869560
3702350
3702351
3702352
3702354
3702355
3702357
3702358
3702361
3702362
3702363
3702364
3702365
3702366
3702367
3702368
3702369
3702370
3702411
3702413
3702414
3702415
3702416
3702418
3702420
3702422
3702426
3702428
3702430
3702431
3702433
3702434
3702435
3702436
3702437
3702438
3702439
3702440
3702442
3702443
3702444
3702445
3702455
3702459
3702463
3702465
3702486
3702487
3707188
3711522
3711523
3711524
3711525
3711526
3711527
3711528
3711529
3711530
3711531
3711532
3711533
3711534
3711535
3711536
3711537
3711538
3711539
3711540
3711541
3711542
3711543
3711544
3711545
3711546
3711548
3711549
3711550
3711551
3711555
3711556
3711557
3711558
3711644
3711645
3711646
3711649
3711651
3711656
3711657
3711658
3711659
3711662
3711663
3711664
3711665
3711666
3711667
3711669
3711671
3711672
3711673
3711674
3711675
3711676
3711677
3711678
3711679
3711680
3711684
3711685
3711686
3711688
3711689
3711691
3711693
3711695
3711697
3711698
3711700
3711701
3711702
3711703
3711704
3711705
3711706
3711708
3711709
3711710
3711729
3711730
3711731
3711734
3711735
3711737
3711751
3711752
3711755
3711759
3711761
3711762
3711766
3711767
3711768
3711769
3711770
3711771
3711772
3711774
3711776
3711777
3711778
3711779
3711780
3711782
3711783
3711784
3711785
3711786
3711788
3711790
3711792
3711793
3711794
3711795
3711796
3711797
3711798
3711799
3711800
3711801
3711802
3711803
3711806
3711807
3711810
3711811
3711812
3711813
3711814
3711815
3711816
3711817
3711818
3711819
3711820
3711821
3711822
3711823
3711825
3711826
3711827
3711829
3711831
3711832
3711834
3711835
3711836
3711838
3711839
3711841
3711842
3711843
3711845
3711846
3711847
3711850
3711852
3711856
3711862
3711869
3711871
3711877
3711882
3711884
3711886
3711887
3711889
3711890
3711892
3711893
3711895
3711896
3711905
3711906
3711907
3711908
3718013
3718018
3718019
3718020
3718025
3718026
3718027
3718028
3718032
3718033
3718035
3718037
3718038
3718039
3718040
3718045
3718046
3718047
3718048
3718049
3718050
3718051
3718053
3718064
3718065
3718066
3718067
3718068
3718069
3718070
3718071
3718072
3718073
3718074
3718075
3718076
3718077
3718078
3718079
3718080
3718081
3718082
3718083
3718084
3718085
3718086
3718087
3718088
3718089
3718090
3718091
3718095
3718096
3718098
3718099
3718100
3718102
3718103
3718104
3718107
3718109
3718110
3718114
3718115
3718116
3718117
3718119
3718121
3718125
3718130
3718134
3718135
3718137
3718139
3718148
3718151
3718153
3718156
3718159
3718162
3718169
3718171
3718175
3718178
3718182
3718185
3718191
3718193
3718195
3718198
3718199
3718200
3718201
3718203
3718204
3718206
3718208
3718209
3718210
3718215
3718216
3718217
3718223
3718224
3718226
3718228
3718236
3718238
3718239
3718241
3718242
3718244
3718245
3718247
3718248
3718249
3718251
3718252
3718253
3718254
3718258
3718260
3718261
3718262
3718264
3718268
3718270
3718271
3718272
3718273
3718274
3718286
3718289
3718292
3718297
3718307
3718311
3718312
3718321
3718322
3718324
3718325
3718327
3718328
3718331
3718333
3718334
3718335
3718339
3718340
3718341
3718342
3718343
3718344
3718345
3718346
3718347
3718348
3718349
3718350
3718352
3718354
3718355
3718356
3718357
3718359
3718360
3718361
3718362
3718363
3718364
3718365
3718367
3718368
3718369
3718370
3718371
3718373
3718374
3718375
8940484
8940485
8940486
8940487
8940488
8940491
8940492
8940493
8940496
8940497
8940498
8940499
8940500
8940501
8940503
8940504
8940505
8940506
8940507
8940509
8940510
8940511
8940512
8940513
8940514
8940515
8940516
8940517
8940518
8940519
8940520
8940521
8940522
8940523
8940524
8940525
8940526
8940527
8940528
8940529
8940530
8940531
8940532
8940533
8940534
8940535
8940537
8940538
8940539
8940541
8940543
8940544
8940545
8940547
8940548
8940549
8940550
8940551
8940552
8940553
8940554
8940555
8940556
8940557
8940558
8940559
8940560
8940561
8940563
8940564
8940565
8940566
8940567
8940568
8940569
8940570
8940571
8940572
8940573
8940574
8940575
8940576
8940577
8940578
8940579
8940580
8940581
8940582
8940583
8940584
8940585
8940586
8940587
8940588
8940592
8940593
8940594
8940595
8940596
8940597
8941703
9366788
9367310
9367313
9367315
9367318
9367322
9367324
9367327
9367329
9367332
9367334
9367337
9367437
9367439
9367515
9367516
9367519
9367524
9367527
9367529
9367532
9367533
9367536
9367541
9367543
9367546
9367695
9367697
9367700
9367702
9367705
9367764
9367766
9367768
9367770
9367771
9367773
9367774
9367776
9367778
9367780
9367781
9367783
9367784
9367786
9367788
9367790
9367792
9367793
9367795
9367796
9367798
9367800
9367801
9367803
9367804
9367806
9367807
9367809
9367889
9367890
9367893
9367896
9367898
9367901
9367904
9367906
9367909
9367966
9367967
9367969
9367970
9367972
9367974
9367975
9367977
9367978
9367980
9367981
9367983
9367984
9367986
9367988
9367989
9367991
9367992
9367994
9367995
9367997
9367999
9368001
9368003
9368005
9368006
9368009
9368011
9368013
9368015
9368017
9368021
9368024
9368025
9368027
9368029
9368030
9368032
9368033
9368037
9368038
9368040
9368041
9368043
9368045
9368046
9368047
9368054
9368057
9368060
9368062
9368065
9368067
9368070
9368072
9368075
9368077
9368080
9368081
9368084
9368086
9368089
9368092
9368099
9368102
9368105
9368107
9368114
9368116
9368119
9368121
9368124
9368126
9368134
9368148
9368151
9368154
9368155
9368160
9368167
9368173
9368176
9368178
9368180
9368182
9368186
9368189
9368190
9368193
9368194
9368198
9368201
9368202
9368205
9368207
9368210
9368212
9368214
9368217
9368218
9368221
9368224
9368226
9368227
9368230
9368232
9368235
9368237
9368239
9368242
9368245
9368248
9368250
9368253
9368254
9368257
9368258
9368261
9368263
9368266
9368268
9368270
9368273
9368274
9368277
9368278
9368281
9368283
9368285
9368287
9368288
9368290
9368291
9368293
9368294
9368296
9368297
9368299
9368300
9368302
9368304
9368305
9368307
9368308
9368310
9368312
9368319
9368320
9368321
9368322
9368323
9368324
9368325
9368330
9368332
9368335
9368336
9368338
9368340
9368342
9368344
9368346
9368348
9368350
9368354
9368356
9368358
9368360
9368362
9368365
9368368
9368370
9368372
9368374
9368376
9368378
9368380
9368382
9368384
9368386
9368388
9368405
9368406
9368407
9368408
9368409
9368410
9368411
9368412
9368413
9368414
9368415
9368416
9368417
9368418
9368419
9368420
9368421
9368422
9368423
9368424
9368425
9368426
9368427
9368428
9368429
9368430
9368431
9368432
9368433
9368434
9368435
9368436
9368437
9368438
9368439
9368440
9368441
9368442
9368443
9368444
9368445
9368446
9368447
9368448
9368449
9368450
9368451
9368452
9368453
9368454
9368455
9368456
9368457
9368458
9368459
9368460
9368461
9368462
9368463
9368464
9368465
9368466
9368467
9368468
9368469
9368470
9368471
9368472
9368473
9368474
9368476
9368477
9368478
9368479
9368480
9368481
9368482
9368483
9368484
9368485
9368486
9368487
9368488
9368489
9368490
9368491
9368493
9368494
9368495
9368497
9368498
9368499
9368500
9368501
9368502
9368503
9368504
9368505
9368506
9368507
9368509
9368510
9368511
9368512
9368513
9368514
9368515
9368516
9368518
9368519
9368521
9368522
9368523
9368524
9368525
9368526
9368527
9368528
9368529
9368530
9368531
9368532
9368533
9368534
9368535
9368537
9368538
9368539
9368540
9368541
9368542
9368543
9368544
9368545
9368546
9368547
9368548
9368549
9368550
9368551
9368552
9368553
9368554
9368555
9368556
9368557
9368558
9368560
9368561
9368562
9368563
9368564
9368565
9368566
9368567
9368568
9368569
9368570
9368571
9368572
9368573
9368574
9368575
9368576
9368578
9368580
9368581
9368582
9368584
9368587
9368589
9368591
9368593
9368595
9368597
9368600
9368629
9368632
9368696
9368697
9368700
9368702
9368704
9368708
9368709
9368710
9368712
9368713
9368717
9368719
9368725
9368727
9368728
9368733
9368736
9368738
9368740
9368742
9368747
9368749
9368750
9368753
9368754
9368756
9368758
9368760
9368762
9368764
9368766
9368768
9368770
9368772
9368774
9368776
9368778
9368780
9368782
9368786
9368790
9368792
9368795
9368799
9368813
9368816
9368820
9368825
9368829
9368833
9368842
9368851
9368859
9368865
9368870
9368873
9368876
9368878
9368879
9368881
9368883
9368885
9368887
9368941
9368942
9368944
9368945
9368946
9368947
9368948
9368952
9368953
9368954
9368956
9368957
9368958
9368959
9368961
9368962
9368963
9368964
9368966
9368967
9368968
9368969
9368971
9368972
9368973
9368974
9368975
9368976
9368978
9368979
9368980
9368981
9368982
9368983
9368984
9368986
9368987
9368988
9368989
9368992
9368993
9368994
9368995
9368996
9368997
9368998
9368999
9369001
9369002
9369003
9369005
9369006
9369007
9369008
9369009
9369010
9369011
9369012
9369013
9369014
9369015
9369017
9369018
9369019
9369021
9369022
9369023
9369024
9369026
9369027
9369028
9369029
9369030
9369031
9369032
9369033
9369034
9369035
9369036
9369038
9369039
9369040
9369041
9369042
9369043
9369044
9369046
9369049
9369050
9369051
9369052
9369053
9369054
9369056
9369058
9369059
9369061
9369062
9369063
9369067
9369069
9369070
9369071
9369072
9369073
9369074
9369075
9369076
9369077
9369078
9369079
9369080
9369081
9369082
9369083
9369084
9369085
9369086
9369089
9369093
9369095
9369097
9369099
9369101
9369109
9369111
9369113
9369119
9369121
9369122
9369127
9369129
9369131
9369133
9369134
9369136
9369138
9369140
9369142
9369146
9369148
9369150
9369152
9369154
9369158
9369162
9369164
9369166
9369170
9369172
9369174
9369176
9369178
9369199
9369201
9369205
9369209
9369211
9369213
9369215
9369217
9369219
9369224
9369226
9369228
9369230
9369239
9369424
9369426
9369467
9369475
9369478
9369484
9369486
9369501
9369602
9369603
9369604
9369605
9369606
9369607
9369694
9369696
9369698
9369702
9369704
9369705
9369764
9369766
9369768
9369770
9369774
9369776
9369779
9369781
9369783
9369785
9369790
9369792
9369794
9369796
9369798
9369800
9369802
9369803
9369805
9369807
9369809
9369811
9369814
9369816
9369818
9369821
9369823
9369825
9369827
9369829
9369832
9369834
9369836
9369838
9369841
9369860
9369862
9369865
9369867
9369869
9369871
9369873
9369875
9369877
9369879
9369881
9369883
9369885
9369888
9369889
9369891
9369893
9369895
9369897
9369899
9369901
9369903
9369905
9369907
9369909
9369911
9369913
9369915
9369917
9369919
9369921
9369923
9369925
9369926
9369930
9369934
9369936
9369940
9369947
9369950
9369951
9369952
9369953
9369954
9369960
9369963
9369964
9369965
9369966
9369968
9369969
9369970
9369972
9369973
9369976
9369977
9369978
9369979
9369980
9369981
9369982
9369983
9369984
9369986
9369987
9369988
9369989
9369990
9369991
9369992
9369993
9369994
9369995
9369996
9369997
9369999
9370000
9370001
9370002
9370003
9370004
9370005
9370007
9370009
9370010
9370011
9370012
9370013
9370014
9370015
9370016
9370017
9370018
9370019
9370020
9370021
9370022
9370023
9370024
9370025
9370026
9370027
9370028
9370029
9370030
9370031
9370032
9370033
9370034
9370035
9370036
9370037
9370038
9370039
9370040
9370041
9370042
9370043
9370044
9370046
9370048
9370049
9370050
9370052
9370053
9370055
9370056
9370058
9370059
9370062
9370064
9370066
9370067
9370069
9370070
9370072
9370073
9370075
9370076
9370078
9370079
9370081
9370084
9370085
9370087
9370088
9370090
9370092
9370093
9370095
9370135
9370137
9370138
9370140
9370141
9370143
9370144
9370146
9370147
9370149
9370150
9370152
9370153
9370155
9370158
9370159
9370161
9370162
9370164
9370165
9370168
9370170
9370171
9370173
9370194
9381664
9381665
9381666
9381667
9381672
9381673
9381674
9381675
9381677
9381679
9381680
9381681
9381682
9381683
9381684
9381685
9381686
9381687
9381688
9381689
9381690
9381691
9381692
9381695
9381696
9381697
9381698
9381699
9381701
9381702
9381703
9381705
9381706
9381707
9381710
9381712
9381713
9381714
9381715
9381716
9381717
9381718
9381719
9381722
9381723
9381724
9381726
9381729
9381733
9381734
9381735
9381736
9381737
9381738
9381739
9381741
9381742
9381744
9381745
9381746
9381747
9381749
9381750
9381751
9381752
9381753
9381755
9381756
9381758
9381759
9381760
9381761
9381762
9381763
9381764
9381765
9381766
9381767
9381768
9381769
9381770
9381772
9381773
9381775
9381776
9381777
9487831
9487832
9487833
9487834
9487835
9487836
9487837
9487838
9487839
9487840
9487841
9487842
9487843
9487844
9487845
9487846
9487849
9487851
9487853
9487854
9487855
9487857
9487858
9487864
9487865
9487866
9487867
9487868
9487869
9487870
9487871
9487872
9487873
9487874
9487875
9487876
9487877
9487878
9487879
9487881
9487882
9487883
9487884
9487885
9487886
9487887
9487888
9487889
9487894
9487895
9487896
9487897
9487898
9487899
9487900
9487901
9487902
9487904
9487905
9487906
9487907
9487908
9487909
9487910
9487911
9487912
9487913
9487914
9487915
9487916
9487917
9487918
9487919
9487920
9487921
9487923
9487926
9487927
9487928
9487929
9487930
9487931
9487933
9487934
9487935
9487936
9487937
9487938
9487940
9487941
9487942
9487943
9487944
9487945
9487946
9487947
9487948
9487949
9487950
9487951
9487952
9487953
9487954
9487955
9487957
9487958
9487959
9487960
9487961
9487962
9487964
9487965
9487966
9487967
9487969
9487970
9487971
9487972
9487973
9487974
9487975
9487976
9487977
9487979
9487980
9487981
9487982
9487983
9487984
9487985
9487986
9487987
9487988
9487989
9487990
9487991
9487992
9487993
9487994
9487995
9487996
9487997
9487998
9487999
9488001
9488002
9488003
9488004
9488005
9488006
9488007
9488008
9488009
9488010
9488011
9488012
9488013
9488014
9488015
9488016
9488020
9488028
9488030
9488031
9488032
9488033
9488034
9488035
9488036
9488037
9488038
9488039
9488040
9488041
9488042
9488043
9488044
9488045
9488046
9488047
9488048
9488049
9488050
9488051
9488052
9488053
9488054
9488055
9488056
9488057
9488058
9488059
9488060
9488061
9488062
9488063
9488064
9488065
9488066
9488067
9488068
9488069
9488070
9488071
9488072
9488073
9488074
9488076
9488085
9488092
9488097
9488102
9488105
9488106
9488108
9488110
9488112
9488113
9488114
9488115
9488119
9488120
9488121
9488122
9488123
9488124
9488125
9488126
9488127
9488128
9488129
9488130
9488131
9488132
9488133
9488134
9488135
9488136
9488137
9488138
9488139
9488140
9488141
9488142
9488143
9488144
9488145
9488146
9488147
9488148
9488149
9488150
9488151
9488152
9488154
9488156
9488158
9488160
9559668
9559673
9559678
9559683
9559688
9559692
9559696
9559702
9559957
9559960
9559965
9559970
9559975
9559979
9559984
9559993
9560000
9560006
9560013
9560021
9560030
11720514
11720521
11720523
11720530
11720532
11720535
11720536
11720537
11720539
11720540
11720541
11720543
11720545
11720546
11720547
11720548
11720549
11720550
11720553
11720555
11720558
11720560
11720562
11720565
11720566
11720583
11720584
11720587
11720588
11720591
11720596
11720598
11720599
11720600
11720608
11720609
11720610
11720611
11720612
11720613
11720617
11720618
11720624
11720625
11720630
11720631
11720632
11720634
11720636
11720637
11720639
11720641
11720642
11720644
11720646
11720648
11720649
11720654
11720655
11720656
11720661
11720663
11720665
11720667
11720670
11720683
11720685
11720686
11720687
11720692
11720698
11720699
11720713
11720715
11720722
11720730
11720731
11720732
11720743
11720744
11720745
11720746
11720747
11720748
11720749
11720750
11720751
11720752
11720753
11720755
11720756
11720757
11720758
11720759
11720760
11720761
11720762
11720763
11720764
11720766
11720771
11720773
11720775
11720776
11720777
11720778
11720779
11720780
11720781
11720786
11720787
11720788
11720789
11720790
11720791
11720792
11720793
11720794
11720795
11720796
11720797
11720799
11720800
11720802
11720805
11720806
11720808
11720809
11720833
11720835
11720836
11720837
11720840
11720841
11720842
11720843
11720844
11720845
11720847
11720849
11720850
11720852
11720853
11720854
11720855
11720856
11720857
11720859
11720861
11720863
11720865
11720867
11720868
11720870
11720871
11720873
11720876
11720879
11720882
11720883
11720884
11720885
11720886
11720888
11720891
11720893
11720895
11720899
11720902
11720905
11720908
11720913
11720916
11720917
11720918
11720920
11720922
11720923
11720927
11720928
11720930
11720932
11720933
11720934
11720938
11720939
11720940
11720941
11720942
11720943
11720945
11720947
11720948
11720949
11720950
11720951
11720952
11720953
11720954
11720956
11720957
11720958
11720962
11720963
11720964
11720965
11720966
11720970
11720972
11720977
11720978
11720979
11720980
11720982
11720983
11720985
11720987
11720990
11720991
11720993
11721000
11721003
11721008
11721012
11721013
11721014
11721017
11721018
11721019
11721021
11721023
11721025
11721026
11721027
11721028
11721029
11721030
11721031
11721034
11721035
11721036
11721037
11721042
11721044
11721045
11721048
11721049
11721050
11721053
11721054
11721055
11721057
11721058
11721059
11721060
11721061
11721062
11721068
11721069
11721070
11721072
11721076
11721078
11721079
11721080
11721082
11721084
11721085
11721086
11721088
11721089
11721090
11721091
11721095
11721096
11721098
11721099
11721103
11721106
11721107
11721108
11721109
11721110
11721111
11721112
11721113
11721114
11721115
11721116
11721117
11721118
11721119
11721120
11721121
11721122
11721123
11721124
11721125
11721127
11721129
11721130
11721131
11721132
11721134
11721137
14841917
14841920
14841922
14841923
14841926
14841927
14841929
14842186
14842253
14842255
14842256
14842257
14842258
14842260
14842270
14842271
14842273
14842280
14842281
14842287
14842289
14842290
14842295
14842298
14842299
14842300
14842301
14842302
14842304
14842305
14842306
14842307
14842308
14842309
14842310
14842313
14842314
14842315
14842317
15057756
15057757
15057758
15057759
15057760
15057761
15057762
15057763
15057770
15057771
15057772
15057773
15057774
15057775
15057776
15057778
15057779
15057780
15057781
15057782
15057783
15057784
15057785
15057787
15057788
15057789
15057791
15057792
15057793
15057794
15057795
15057796
15057797
15057798
15057799
15057801
15057802
15057804
15057806
15057808
15057809
15057810
15057812
15057813
15057814
15057815
15057817
15057818
15057819
15057820
15057821
15057822
15057823
15057824
15057825
15057826
15057827
15057828
15057829
15057830
15057831
15057833
15057834
15057835
15057836
15057837
15057838
15057840
15057841
15057842
15057843
15057845
15057846
15057847
15057848
15057850
15057851
15057852
15057853
15057854
15057855
15057856
15057857
15057858
15057859
15057860
15057861
15057862
15057863
15057864
15057865
15057866
15057867
15057869
15057870
15057871
15057872
15057873
15057874
15057875
15057876
15057877
15057878
15057879
15057880
15057881
15057882
15057883
15057884
15057885
15057886
15057887
15057888
15057889
15057890
15057891
15057892
15057893
15057894
15057895
15057896
15057897
15057899
15057900
15057902
15057903
15057904
15057905
15057907
15057908
15057909
15057910
15057911
15057912
15057913
15057914
15057915
15057916
15057918
15057919
15057920
15057921
15057924
15057925
15057926
15057927
15057928
15057929
15057930
15057931
15057932
15057933
15057934
15057935
15057936
15057937
15057938
15057939
15057940
15057941
15057942
15057943
15057944
15057945
15057946
15057948
15057957
15057958
15057959
15057960
15057961
15057962
15057963
15057964
15057965
15057966
15057967
15058076
15058077
15058078
15058079
15058080
15058081
15058082
15058083
15058084
15058086
15058087
15058088
15058090
15058091
15058092
15058093
15058094
15058095
15058096
15058097
15058098
15058099
15058101
15058102
15058103
15058104
15058105
15058106
15058107
15058108
15058109
15058110
15058111
15058112
15058113
15058114
15058115
15058116
15058117
15058118
15058119
15058120
15058121
15058122
15058123
15058124
15058125
15058126
15058127
15058128
15058129
15058130
15058131
15058132
15058133
15058134
15058135
15058136
15058137
15058138
15058139
15058140
15058141
15058142
15058143
15058144
15058145
15058146
15058147
15058148
15058149
15058150
15058151
15058152
15058153
15058154
15058155
15058156
15058157
15058158
15058159
15058160
15058161
15058162
15058163
15058164
15058165
15058166
15058167
15058168
15058171
15058173
15058174
15058175
15058176
15058177
15058178
15058179
15058180
15058181
15058182
15058183
15058184
15058185
15058188
15058189
15058190
15058191
15058192
15058193
15058194
15058195
15058196
15058197
15058199
15058200
15058201
15058202
15058203
15058205
15058206
15058209
15058210
15058212
15058213
15058215
15058216
15058217
15058218
15058219
15058220
15058221
15058222
15058223
15058224
15058226
15058227
15058228
15058229
15058230
15058231
15058232
15058233
15058234
15058235
15058237
15058240
15058241
15058242
15058243
15058244
15058245
15058246
15058247
15058248
15058249
15058251
15058253
15058255
15058256
15058257
15058258
15058259
15058260
15058261
15058262
15058263
15058265
15058266
15058271
15058272
15058273
15058274
15058275
15058276
15058277
15058278
15058279
15058280
15058283
15058284
15058291
15058293
15058294
15058296
15058297
15058298
15058301
15058302
15058303
15058304
15058307
15058309
15058310
15058311
15058312
15058313
15058315
15058316
15058318
15058319
15058320
15058321
15058324
15058325
15058326
15058327
15058328
15058329
15058330
15058331
15058332
15058334
15058335
15058336
15058337
15058338
15058339
15058340
15058342
15058344
15058345
15058346
15058347
15058348
15058350
15058351
15058352
15058353
15058354
15058356
15058357
15058358
15058359
15058360
15058361
15058362
15058363
15058364
15058365
15093772
15093787
15093789
15093791
15093793
15093794
15093796
15093798
15093800
15093801
15093804
15093806
15093808
15093809
15093812
15093815
15093818
15093820
15093823
15093824
15093826
15093827
15093829
15093831
15093835
15093838
15093840
15093846
15093848
15093849
15093851
15093852
15093854
15093855
15093857
15093858
15093860
15093861
15093863
15093864
15093866
15093868
15093873
15093874
15093877
15093879
15093880
15093883
15093884
15093886
15093887
15093890
15093994
15093995
15093998
15093999
15094001
15094002
15094004
15094005
15094007
15094009
15094011
15094013
15094014
15094017
15094026
15094031
15094037
20518990
20518991
20518992
20518993
20518994
20519005
20519006
20519007
20519008
20519009
20519018
20519019
20519020
20519022
20519023
20519024
20519025
20519026
20519027
20519028
20519029
20519030
20519031
20519032
20519033
20519034
20519035
20519036
20519037
20519038
20519039
20519040
20519041
20519042
20519043
20519045
20519046
20519047
20519048
20519049
20519050
20519051
20519052
20519053
20519055
20519056
20519058
20519059
20519060
20519063
20519064
20519065
20519066
20519067
20519068
20519069
20519072
20519073
20519074
20519075
20519076
20519077
20519078
20519079
20519080
20519081
20519082
26612402
28097707
28097708
28097709
28097710
28097711
28097712
28097713
28097714
28097715
28097716
28097717
28097718
28097719
28097720
28097721
28097722
28097723
28097724
28097725
28097726
28097727
28097728
28097729
28097730
28097731
28097732
28097733
28097734
28097735
28097736
28100293
28100294
28100295
28100296
28100297
28100298
28100299
28100300
28100301
28100302
28100303
28100304
28100305
28100306
28100307
28100308
28100309
28100310
28100311
28100312
28100313
28100314
28100315
28100316
28100317
28100318
28100319
28100320
28100321
28100322
28100323
28100324
28100325
28100326
28100327
28100328
28101196
28101197
28101198
28101200
28101201
28101202
28101203
28101204
28101205
28101206
28101207
28101209
28101210
28101211
28101212
28101214
28101215
28101216
28101217
28101219
28101220
28101221
28101222
28101223
28101224
28102745
28102746
28102747
28102748
28102749
28102750
28102751
28102752
28102753
28102754
28102755
28102756
28102757
28102758
28102759
28102760
28102761
28102769
28102770
28102771
28102772
28102773
28102774
28102775
28102776
28102777
28102778
28102780
28102781
28102783
28102784
28102785
28102786
28102787
28102788
28102789
28102790
28102791
28102792
28102794
28102795
28102796
28102797
28109457
28109458
28109459
28109460
28109461
28109462
28109463
28109464
28109465
28109466
28109467
28109468
28109469
28109470
28109471
28109475
28109482
28109486
28109490
28109491
28109497
28109498
28109499
28115502
28115503
28115504
28115505
28115506
28115507
28115508
28115509
28115510
28115511
28115512
28115513
28115514
28115515
28115516
28115517
28115518
28115519
28115520
28117407
28117409
28117410
28117411
28117412
28117415
28117416
28117417
28117418
28117419
28117420
28117421
28117422
28117423
28117426
28117427
28119680
28119681
28119682
28119683
28119684
28119685
28119686
28119687
28119688
28119689
28119690
28119691
28119692
28119693
28119694
28119695
28119696
28119697
28119698
28119699
28119700
28119701
28119702
28119703
28119704
28124304
28124305
28124306
28132531
28133789
28133790
28133791
28133792
28133793
28133794
28133795
28133796
28133797
28133798
28133799
28133800
28133801
28133802
28133803
28133804
28133805
28133806
28133807
28133808
28140828
28142033
28142036
28142038
28142040
28142041
28142042
28142046
28142049
28142051
28142052
28142053
28142054
28142055
28142057
28142058
28142059
28142060
28142061
28142062
28142063
28142064
28142065
28142066
28142067
28142068
28142070
28142071
28142072
28142074
28142075
28142076
28142077
28142078
28142079
28142080
28142082
28142083
28142084
28142085
28142086
28142087
28142088
28144216
28144217
28144218
28144219
28144220
28144221
28144222
28144223
28144224
28144225
28144226
28144227
28144228
28144229
28144230
28144231
28144232
28144233
28144234
28144235
28144236
28144237
28144238
28144239
28144240
28144241
28144242
28144243
28144244
28144245
28144246
28144247
28144248
28144249
28144250
28144251
28144252
28144253
28144254
28144255
28144256
28144257
28144258
28144259
28144260
28144261
28144262
28144263
28144264
28144265
28144266
28144267
28144268
28144269
28144270
28144271
28163818
28163819
28163820
28163822
28163823
28163824
28163826
28163827
28163828
28163829
28163830
28163831
28163832
28163833
28163834
28163835
28163836
28163837
28163838
28163839
28163840
28163841
28163842
28163843
28163844
28163845
28163846
28163847
28196666
28196667
28196668
28196669
28196670
28196671
28196672
28196673
28196674
28196675
28196676
28196677
28232746
28232747
28232748
28232749
28232750
28232752
28232753
28232754
28232755
28232757
28232758
28234564
28234565
28234566
28234567
28234568
28234569
28234570
28234571
28234572
28234573
28234574
28234575
28234576
28260330
28260331
28260332
28260333
28260335
28260337
28260338
28267792
28267793
28267794
28267795
28267796
28267797
28267798
28267799
28267800
28267801
28267802
28267803
28267804
28267805
28267806
28267807
28267808
28267809
28267810
28267811
28267812
28267813
28267815
28267816
28267818
28267819
28267820
28267821
28267822
28284013
28284014
28284015
28284016
28284022
28284023
28284030
28284032
28284033
28284034
28284035
28284037
28284040
28284041
28284042
28284043
28284044
28284045
28284046
28284051
28284054
28284059
28284061
28284063
28284066
28284071
28284073
28284081
28284083
28284085
28284086
28284088
28284090
28284096
28284098
28284099
28284100
28284101
28284103
28284105
28284106
28284109
28284110
28284112
28284118
28284120
28284122
28284124
28284126
28284127
28284130
28284449
28284450
28284452
28284454
28284456
28284458
28284459
28284460
28284461
28284463
28284465
28284467
28284468
28284470
28284472
28284473
28284474
28284599
28284601
28284603
28284605
28284606
28284609
28284610
28284611
28284612
28284614
28284616
28284617
28284618
28284619
28284622
28284623
28284624
28284625
28284627
28284628
28284629
28284630
28284631
28284633
28284634
28284635
28284637
28284639
28284640
28284641
28284643
28284645
28284646
28284647
28284649
28284655
28284656
28284657
28284658
28284659
28284660
28284661
28284662
28284663
28284664
28284665
28284667
28284668
28284669
28299559
28316524
28316525
28316528
28316529
28316531
28316551
28316555
28316561
28316606
28327376
28327377
28327378
28327379
28327380
28327382
28327383
28327384
28327385
28327386
28327387
28327388
28327389
28327390
28327392
28433238
28433239
28433240
28433241
28433242
28433243
28433244
28433245
28433246
28433247
28433248
28433249
28433250
28433251
28433252
28433253
28433254
28433255
28433256
28433257
28433259
28433260
28433261
28433262
28433263
28433264
28433265
28433266
28433267
28433268
28433269
28433270
28433271
28433272
28433273
28433274
28433275
28433276
28433277
28433278
28433279
28433280
28433281
28434414
28434415
28434416
28434417
28434418
28434419
28434420
28434421
28434422
28434423
28434424
28434425
28434426
28434427
28434428
28434429
28434430
28434431
28434432
28434433
28434434
28434435
28434436
28434437
28434438
28434439
28434440
28434441
28434442
28434443
28434444
28434445
28434446
28434447
28434448
28434449
28434450
28434451
28434452
28434453
28434454
28434455
28434456
28434457
28434458
28434459
28434460
28434461
28434462
28434463
28434464
28434465
28434466
28434467
28434468
28434469
28434470
28434471
28434472
28434473
28434474
28434475
28434476
28434477
28434478
28434479
28434480
28434481
28434482
28434483
28434484
28434485
28434486
28434487
28434488
28434489
28434490
28434491
28434492
28434493
28434494
28434495
28434496
28434497
28434498
28434499
28434500
28434501
28434502
28434503
28434504
28434505
28434506
28434507
28434508
28434509
28434510
28434511
28434512
28434513
28434514
28434515
28434516
28434517
28434518
28434519
28434520
28434522
28434525
28434527
28434530
28434532
28434535
28434538
28434540
28434543
28434545
28434548
28434550
28434552
28434554
28434556
28434557
28434558
28434559
28434560
28434561
28434562
28434563
28434564
28434565
28434566
28434567
28434568
28434569
28434570
28434571
28434573
28434574
28434575
28434576
28434577
28434578
28434579
28434580
28434581
28434582
28434584
28434586
28437684
28437685
28437686
28437687
28437688
28437689
28437690
28437691
28437692
28437693
28437694
28437695
28437696
28437697
28437698
28437699
28437700
28437701
28437702
28437703
28437704
28437705
28437706
28437707
28437708
28437709
28437710
28437711
28437712
28437713
28437714
28437715
28437716
28437717
28437718
28437719
28437720
28437721
28437722
28437723
28437724
28437725
28437726
28437727
28437728
28437729
28437730
28437731
28437742
28437743
28437744
28437745
28437746
28437747
28437748
28437749
28437750
28437751
28437752
28437753
28437754
28437755
28437756
28437757
28437758
28437759
28437760
28437761
28437762
28437763
28437764
28437765
28437766
28437767
28437768
28437769
28437770
28437771
28437772
28437773
28437774
28437775
28437777
28437778
28437779
28437780
28437781
28437783
28437784
28437786
28437787
28437788
28437789
28437790
28437791
28437792
28437793
28437794
28437795
28437796
28437797
28437798
28437799
28437800
28437801
28437802
28437803
28437804
28437805
28437806
28437807
28437808
28437809
28437810
28437811
28437812
28437813
28437814
28437815
28493031
28493032
28493033
28493034
28493035
28493036
28493037
28493038
28493039
28493040
28493041
28493042
28493043
28493044
28493045
28493046
28493047
28493048
28493049
28493050
28493051
28493052
28493053
28493054
28493055
28493056
28493057
28493058
28493059
28493060
28493061
28493062
28493063
28493064
28493065
28493066
28493067
28493068
28493069
28493070
28493071
28493072
28493073
28493074
28493075
28493076
28493077
28493078
28493079
28493080
28493081
28493082
28493083
28493084
28493085
28493086
28493087
28493088
28493089
28493090
28493091
28493092
28493093
28493094
28493095
28493096
28493097
28493098
28493103
28493104
28495136
28495137
28495138
28495139
28495140
28495141
28495142
28495143
28495144
28495145
28495146
28495147
28495148
28495149
28495150
28495151
28495152
28495153
28495154
28495155
28495156
28495157
28495158
28495159
28495160
28495161
28495162
28495163
28495164
28495165
28495166
28495167
28495168
28495169
28495170
28495171
28495172
28495173
28495174
28495175
28616888
28616889
28616896
28625975
28625976
28625977
28625978
28625979
28625980
28625981
28625982
28625983
28625984
28625985
28625986
28625987
28625988
28625989
28625990
28625991
28625992
28625993
28625994
28625995
28625996
28625997
28625998
28625999
28626000
28626001
28626002
28626003
28626004
28626005
28626006
28626007
28626008
28626009
28665152
28665153
28665154
28665155
28665156
28665157
28665158
28665159
28665160
28665161
28665162
28665163
28665164
28703476
28703477
28703478
28703479
28703480
28703481
28703482
28703483
28703484
28703485
28703486
28703487
28703488
28703489
28703490
28703491
28703492
28752234
28752235
28752236
28752237
28752238
28752239
28752240
28752241
28752242
28757489
28757491
28757492
28757493
28757502
28757503
28757504
28757505
28757506
28757507
28757508
28757509
28757510
28757511
28757512
28757513
28757514
28757515
28758263
28758264
28758265
28758266
28758267
28758268
28761196
28761197
28761226
28761227
28761228
28761229
28761230
28761231
28761232
28761233
28761234
28761235
28761236
28761237
28761238
28761239
28761240
28761241
28761242
28761243
28761244
28761245
28761246
28761247
28761248
28761377
28761388
28761389
28761390
28761391
28761974
28761975
28761976
28761977
28761978
28761979
28761980
28761981
28779056
28779642
28779644
28779645
28779654
28779655
28779780
28779781
28782999
28783003
28783004
28783009
28783011
28783014
28783015
28783016
28787416
28787418
28787425
28787426
28787427
28787428
28884415
28884416
28884417
28884418
28884419
28884420
28884421
28884422
28884423
28884424
28884425
28895181
28895182
28895183
28895184
28895185
28895186
28895187
28895188
28895189
28895190
28895191
28895221
28895222
28895223
28895224
28895225
28895226
28895227
28895229
28895231
28895232
28895233
28895236
28895237
28895238
28895239
28909520
28909521
28909523
28909524
28909525
28909526
28909527
28909528
28909529
28909530
28909531
28909544
28909563
28909564
28909565
28909567
28909568
28909569
28909570
28910058
28910060
28910061
28910062
28910069
28910070
28910072
28911904
28979029
28979030
28979031
28979032
28979033
29022538
29025136
29025137
29025138
29025139
29025140
29025141
29025142
29025143
29025144
29108611
29108612
29108613
29108614
29108615
29108616
29108617
29108618
29108619
29108620
29108633
29108634
29108635
29108636
29109900
29109901
29109902
29109903
29109904
29109905
29109906
29109909
29114510
29114511
29114512
29114513
29114514
29114515
29114516
29114517
29114518
29114519
29114520
29114521
29114522
29114523
29114527
29114529
29114530
29114533
29114534
29114535
29114536
29114537
29114538
29114539
29114540
29114541
29114542
29114543
29114545
29114546
29114550
29114551
29114553
29114554
29114555
29114556
29114557
29114558
29114559
29114568
29114569
29114570
29114571
29114572
29114573
29114574
29114575
29114576
29114577
29114578
29114579
29114580
29114581
29114582
29114583
29114584
29114585
29114586
29114587
29114588
29114589
29114590
29114591
29114592
29114594
29114595
29114596
29114597
29114598
29114599
29114600
29114601
29114602
29114603
29114604
29114605
29114606
29114607
29114608
29114609
29114610
29114611
29114612
29114613
29114614
29114615
29114616
29114617
29114618
29114619
29114620
29114621
29114622
29114623
29114624
29114625
29114626
29114627
29114628
29114629
29114630
29114631
29114632
29114634
29114635
29114636
29114637
29114638
29114639
29114640
29114641
29114642
29114644
29114645
29114646
29114647
29114648
29114649
29114650
29114651
29114652
29114653
29114654
29114655
29114656
29114657
29114658
29114659
29114660
29114661
29114662
29114663
29114664
29114665
29114666
29114667
29114668
29114669
29114672
29201090
29201091
29201288
29201289
29201290
29201291
29201292
29201293
29201294
29201295
29201296
29201297
29201298
29201299
29201300
29201301
29201302
29201303
29201304
29201305
29201306
29201307
29201308
29201309
29232435
29232436
29232437
29232439
29232440
29232441
29232442
29232443
29232444
29232445
29232446
29232447
29232448
29232449
29232450
29232451
29232452
29238620
29238622
29238623
29238624
29238625
29238626
29238627
29238628
29238629
29238630
29238631
29238632
29238634
29238635
29238639
29238640
29238641
29238642
29238643
29238644
29238645
29238646
29238647
29238648
29238649
29238650
29238651
29238652
29238653
29238654
29238656
29238657
29238658
29238659
29238660
29238661
29238662
29238665
29238666
29238667
29238668
29238669
29238670
29238672
29238674
29238675
29238676
29238677
29238678
29238679
29242183
29242184
29242185
29242187
29242189
29254685
29254686
29254687
29254688
29254689
29254690
29254691
29254692
29254693
29254694
29254695
29254696
29254697
29254698
29254699
29254700
29254701
29254702
29254703
29254704
29254705
29254706
29290959
29290960
29290961
29290962
29290963
29290964
29290965
29290966
29290967
29290968
29290969
29290970
29290971
29290972
29290973
29290974
29290975
29290977
29290978
29290979
29290980
29290981
29290982
29290983
29290984
29290985
29290986
29290987
29290988
29290989
29290990
29290991
29290992
29290993
29290994
29290995
29290996
29290997
29290998
29290999
29291000
29291001
29291002
29291003
29291004
29291005
29291006
29291007
29291008
29291009
29291010
29291012
29291013
29291014
29291015
29291016
29291017
29291018
29291020
29291021
29291022
29291023
29291024
29291026
29291027
29291028
29291029
29291030
29291031
29291032
29291033
29291034
29291035
29291036
29291040
29291041
29291042
29291043
29291044
29291045
29291046
29291047
29291048
29291049
29291050
29291051
29291052
29291053
29291054
29291055
29291057
29291058
29291059
29291060
29291061
29291062
29291063
29291064
29291065
29291066
29291067
29291069
29291070
29291071
29291072
29291073
29291074
29291075
29291076
29291077
29291078
29291079
29291080
29291081
29291082
29312105
29312106
29312107
29312108
29312109
29312110
29312111
29312250
29312254
29312384
29312506
29312514
29312516
29312517
29312518
29313526
29313529
29313650
29313652
29313654
29313655
29313656
29313658
29313662
29313665
29313666
29313668
29313669
29313674
29313676
29313677
29313678
29313680
29313681
29313682
29313684
29313685
29313686
29313687
29313688
29313689
29313690
29313691
29313692
29322200
29322201
29322202
29322203
29322204
29322205
29322206
29322207
29323650
29323651
29323652
29323653
29323654
29323655
29323656
29323657
29323658
29323659
29323660
29323661
29323662
29323663
29323664
29323665
29323666
29323667
29323668
29323669
29323670
29323671
29323672
29323673
29323674
29323675
29323676
29323677
29323678
29323679
29323680
29323681
29323682
29323683
29323684
29323685
29323686
29323687
29333067
29333068
29333069
29333070
29333071
29333073
29333074
29333076
29389844
29389845
29389861
29394218
29394219
29394220
29394221
29394222
29394258
29394259
29394260
29394261
29394262
29394263
29394264
29394265
29394266
29394267
29394268
29394269
29394270
29394271
29394272
29394273
29394274
29394275
29394277
29394278
29394279
29394280
29394281
29394282
29394283
29394284
29394285
29394286
29394287
29394288
29394289
29394290
29394291
29394292
29394293
29394294
29394295
29394296
29394297
29394298
29394299
29394300
29394301
29394302
29394303
29394304
29394305
29394306
29394307
29394308
29394309
29394310
29394311
29394312
29394313
29394314
29394315
29500347
29500348
29500349
29500350
29500351
29500352
29500353
29500354
29500355
29500356
29500357
29500358
29500359
29500360
29500361
29500362
29500363
29500364
29500365
29500366
29500368
29500369
29500371
29500372
29500374
29500375
29500377
29500378
29500380
29500381
29500383
29500384
29500386
29500387
29500389
29500390
29500392
29500393
29500394
29500395
29500396
29500397
29500398
29500399
29500400
29500401
29500402
29500403
29500404
29500405
29500406
29500407
29500408
