20336513
20336516
20336519
20336522
20336525
20336528
20336531
20336534
20336537
20336541
20336545
20336548
20336551
20336555
20336558
20336560
20336564
20336569
20341989
20341990
20341991
20341992
20341993
20341994
20341995
20341996
20341997
20341998
20341999
20342000
20342001
20342002
20342017
20342018
20342019
20342020
20342021
20342022
20342023
20342024
20342025
20342026
20342027
20342028
20342029
20342030
20342031
20342032
20342033
20342035
20342036
20342037
20342038
20342039
20352161
20352162
20352163
20352164
20352166
20352167
20352168
20352169
20352170
20352171
20352172
20352173
20352174
20352175
20352176
20352177
20352178
20352179
20352180
20352181
20352182
20352183
20352184
20352250
20352251
20352280
20352281
20352282
20352283
20352284
20352285
20352286
20352287
20352478
20352515
20403504
20403505
20403506
20403507
20403508
20403509
20403510
20403511
20403512
20403513
20403514
20403515
20403516
20403517
20433528
20433529
20433530
20433531
20433532
20433533
20433645
20433646
20433647
20433648
20433649
20433650
20433651
20433652
20433653
20433654
20433655
20433656
20433657
20433658
20433659
20433660
20433661
20433662
20434282
20434287
20434290
20434295
20434300
20434304
20434308
20434312
20434315
20434319
20434323
20434326
20443024
20443025
20443026
20443027
20443028
20443029
20443030
20443031
20443032
20481003
20481004
20481005
20481006
20481007
20481008
20481009
20481010
20481011
20481012
20481013
20481014
20481015
20481016
20481017
20481018
20481019
20481020
20481021
20481022
20481023
20519992
20519993
20519994
20519995
20519996
20519998
20519999
20520000
20520001
20520773
20520774
20520775
20520776
20520777
20520778
20520779
20520780
20520781
20520783
20520784
20520785
20520786
20520787
20520788
20520789
20520790
20520791
20520792
20520793
20520794
20520795
20520796
20522036
20522037
20522038
20522039
20522040
20522041
20522042
20522043
20522044
20522045
20522046
20522047
20522048
20523223
20523224
20523225
20523226
20523227
20523228
20523229
20523230
20523231
20523232
20523233
20523234
20523235
20523236
20523237
20523238
20523239
20523240
20523241
20616087
20616088
20616089
20616090
20616092
20616093
20616094
20616095
20616109
20616110
20616137
20616138
20616140
20616141
20616142
20616143
20616144
20616145
20616146
20616147
20892369
20892370
20892371
20892372
20892373
20892374
20892375
20892376
20892377
20892378
20892379
20892380
20892381
20892382
20892383
20892384
20892385
20892386
20892387
20892388
20892389
20892390
20892391
20892392
20892393
20892394
20892395
20900140
20900141
20900142
20900143
20900144
20900145
20900146
20900147
20900148
20900149
20900150
20900151
20900152
20900153
20925677
20925678
20925679
20925680
20925681
20925682
20925683
20925684
20925685
20925686
20925971
20925981
20925992
20925998
20926006
20926013
20926021
20926029
20926035
20926042
20926051
20926058
20926211
20926212
20926214
20926215
20926217
20926218
20926220
20926221
20926223
20926224
20926226
20926227
20926229
20926230
20926232
20926453
20926454
20926455
20926456
20926457
20926458
20926459
20926460
20926461
20926462
20926463
20926464
20926465
20926466
20926467
20926821
20926823
20926824
20926825
20926826
20926827
20926828
20926829
20926830
20926831
20926832
20926833
20926834
20926835
20926836
20929504
20929505
20929506
20929507
20929508
20929509
20929510
20929511
20929512
20929513
20929550
20929551
20929552
20929553
20929554
20929555
20929556
20929557
20929558
20929559
20929560
20929561
20929562
20929563
20929974
20929975
20929976
20929977
20929978
20929979
20929980
20929981
20929982
20929983
20929984
20929985
20929986
20929987
20929988
20929989
20929990
20929991
21004708
21004709
21004710
21004711
21004712
21004713
21004714
21004715
21004716
21004717
21004718
21004719
21004720
21004721
21004722
21004723
21004726
21004727
21004728
21004729
21004730
21004731
21004732
21004733
21004734
21004735
21005304
21005305
21005306
21005307
21005308
21005309
21005310
21005311
21005312
21005313
21005314
21005315
21005316
21005317
21005318
21005319
21005320
21005321
21005322
21005323
21005324
21005325
21005326
21005327
21005328
21005329
21005330
21005331
21008433
21008434
21008435
21008436
21008437
21008438
21008439
21008440
21008441
21008442
21008443
21008444
21008445
21008446
21008447
21008448
21008449
21008450
21008451
21008452
21008453
21008454
21008455
21008456
21008457
21008458
21008459
21008460
21008461
21008462
21008463
21008464
21241621
21241622
21241623
21241624
21241625
21241626
21241627
21241628
21241629
21241630
21241631
21241632
21241633
21323272
21323273
21323274
21323275
21323276
21323277
21323278
21323279
21323280
21323281
21323282
21323283
21323284
21323285
21323286
21323287
21544496
21544497
21544498
21544499
21544500
21544501
21544502
21544503
21544504
21544505
21544506
21544507
21544508
21544509
21544510
21544511
21544512
21544513
21544514
21544515
21544516
21544517
21544518
21544519
21544520
21544521
21544522
21727484
21727485
21727486
21727487
21727488
21727489
21727490
21727491
21727492
21727493
21727494
21727495
21731966
21731967
21731968
21731969
21731970
21731971
21731972
21731973
21731974
21731975
21731976
21731977
21731978
21731979
21731980
21731981
21731982
21731983
21731984
21731985
21731986
21731987
22098226
22098227
22098228
22098229
22098230
22098231
22098232
22098233
22098234
22098235
22098236
22098237
22098238
22098239
22098240
22098241
22098242
22098243
22098244
22098245
22098246
22098247
22098248
22098249
22098250
22098251
22098252
22098253
22098254
22098255
22098256
22098257
22098258
22098259
22098260
22098261
22098262
22098263
22098264
22098265
22098266
22098267
22098268
22098269
22098270
22098271
22098272
22098273
22098274
22098275
22098276
22098277
22098298
22098299
22098300
22098301
22098302
22098303
22098304
22098305
22098306
22098307
22098308
22098309
22098311
22098313
22098315
22098317
22098319
22098324
22098326
22098328
22098330
22098332
22098335
22098338
22098340
22098343
22098345
22098348
22098351
22098354
22098357
22098359
22098360
22098361
22098362
22098363
22098364
22098365
22098366
22098367
22098368
22098369
22098370
22098371
22098372
22098373
22098374
22112318
22112319
22112320
22112321
22112322
22112323
22112324
22112325
22112326
22112327
22112328
22112330
22112331
22112332
22112333
22112334
22112335
22112336
22112337
22112338
22112339
22112340
22112341
22112342
22112343
22112344
22112345
22112346
22112347
22112348
22112349
22112350
22112351
22112352
22112353
22112354
22112355
22112356
22112357
22112358
22112359
22112360
22112361
22112362
22112363
22112364
22112365
22112366
22112367
22112368
22112369
22112370
22112371
22112372
22112373
22112374
22112375
22112376
22112377
22112378
22112379
22112380
22112381
22112382
22112383
22112384
22112385
22112386
22112387
22112388
22112389
22112390
22112391
22112392
22112393
22112394
22112395
22119501
22119502
22119503
22119504
22119505
22119506
22119507
22119508
22119509
22119510
22119511
22119512
22119513
22119514
22119515
22119516
22119517
22119518
22119519
22119520
22119521
22119522
22119524
22119525
22119526
22119527
22119528
22119529
22119530
22119531
22119532
22119533
22119534
22119535
22119536
22119537
22119538
22119539
22119540
22119541
22119542
22122068
22122069
22122071
22122072
22122074
22122075
22122077
22122078
22122080
22122082
22122083
22122085
22122086
22122088
22122089
22122091
22122093
22122094
22122096
22122097
22122099
22122100
22122102
22122104
22124677
22124678
22124679
22124680
22124681
22124682
22124683
22124684
22124685
22124686
22124687
22124688
22124689
22124690
22124691
22124692
22124693
22124694
22124695
22124696
22124697
22124698
22124699
22124700
22124701
22146571
22146572
22146573
22146574
22146575
22146576
22146577
22146578
22146579
22146580
22146581
22146582
22146583
22146584
22146585
22146586
22293273
22293274
22293275
22293276
22293277
22293278
22293279
22293280
22293281
22293282
22293283
22293284
22293285
22293286
22293287
22293288
22293289
22293290
22293291
22293292
22339955
22339956
22339957
22339958
22339959
22339960
22339961
22339962
22339963
22339964
22339965
22339966
22339967
22339968
22339969
22339970
22339971
22339972
22339973
22339974
22345389
22345390
22345391
22345392
22345393
22345394
22345395
22345396
22345397
22345399
22345400
22345401
22345402
22345403
22345404
22345405
22345406
22345407
22345408
22345409
22345410
22345411
22345412
22345413
22345414
22345415
22403206
22403207
22403208
22403209
22403210
22403211
22403212
22403213
22403214
22403215
22403216
22404517
22404518
22404519
22404520
22404521
22404522
22404746
22404747
22404748
22404749
22404750
22404751
22404752
22404753
22404754
22404755
22404756
22404757
22404758
22404759
22404760
22486584
22486585
22486586
22486587
22486588
22486589
22486590
22486591
22486592
22486593
22486595
22486596
22486597
22486598
22486599
22486600
22486601
22486602
22486603
22486604
22486605
22486606
22486607
22486608
22486609
22486610
22486611
22486612
22557235
22557236
22557237
22557238
22557239
22557240
22557241
22557242
22557244
22557245
22557246
22557247
22557248
22557249
22570524
22570525
22570526
22570527
22570528
22570529
22570530
22570531
22570532
22570533
22570534
22570535
22570536
22570537
22570538
22570539
22570540
22570542
22570543
22570544
22570545
22570546
22570547
22570548
22570549
22570550
22570551
22570552
22636972
22636973
22636974
22636975
22636976
22636977
22636978
22636979
22636980
22636981
22636982
22636983
22636984
22636985
22636986
22636987
22636988
22636989
22636990
22636991
22636992
22636993
22637003
22637004
22637005
22637006
22764506
22764507
22764508
22764509
22764510
22764511
22764512
22764513
22764514
22764515
22764516
22764517
22764518
22764519
22764520
22764521
22782668
22782669
22782670
22782671
22782672
22782673
22782674
22782675
22782676
22782677
22782678
22782679
22782680
22782681
22782682
22782683
22782684
22782686
22782687
22902959
22902960
22902963
22902966
22902967
22902970
22902973
22902974
22902976
22902978
22902980
22902981
22902982
22902987
22902991
22964232
22964233
22964234
22964235
22964236
22964237
22964238
22964239
22964240
22964241
22964242
22964243
22964244
22964245
22964246
22964247
22964248
22964249
22964250
22964251
22964252
22964253
22964254
22964255
22964256
22964257
22964258
22964259
22965844
22965845
22965846
22965847
22965848
22965849
22965850
22965851
22965852
22965853
22965854
22965855
22965856
22965857
22965858
22965859
22965860
22965861
22965862
22965863
22965864
22965865
22965866
22965867
22965868
22965869
22965870
22965871
22965872
22965873
22965874
22965875
22965876
22965877
22965878
22965879
22965880
22965881
22965882
22965883
22965884
22965885
22965886
22965887
22965888
22965889
22965890
22965891
22965892
22965893
22965894
26013016
26013017
26013018
26013019
26013020
26013021
26013022
26013023
26013024
26013025
26013026
26013027
26013028
26013029
26013031
26013032
26013033
26013034
26013035
26013036
26013037
26013038
26013039
26013040
26013041
26013042
26013043
26013045
26013046
26013047
26020895
26020896
26020897
26020898
26020899
26020900
26020901
26020902
26020903
26020904
26020905
26020906
26020907
26020908
26020909
26020910
26020911
26020912
26020913
26020914
26020915
26020916
26020917
26020918
26020919
26020920
26020921
26020922
26020923
26153919
26153920
26153921
26153922
26153923
26153924
26153925
26153926
26153927
26153928
26153929
26153930
26153931
26153932
26153933
26153934
26153935
26153936
26153937
26153938
26153939
26153940
26153941
26153942
26153943
26153944
26153945
26153946
26153947
26182702
26182703
26182705
26182707
26182710
26182713
26182715
26182717
26182719
26182721
26182723
26182725
26182727
26182729
26182732
26182734
26182736
26182738
26182740
26182742
26182744
26182746
26182749
26182751
26182753
26182755
26182757
26182761
26182762
26182765
26182767
26182769
26182771
26182773
26182775
26182777
26182788
26208022
26208023
26208024
26208025
26208026
26208027
26208028
26208029
26208030
26208031
26208032
26208033
26208034
26208035
26208036
26208037
26208038
26208039
26208040
26208041
26208042
26208043
26208045
26208046
26208047
26568856
26568857
26568858
26568859
26568860
26568861
26568862
26568863
26568893
26568894
26568895
26568896
26568897
26568898
26568899
26568900
26568901
26568902
26568903
26568904
26568905
26568906
26568907
26568908
26568909
26568910
26568911
26568912
26568913
26568914
26568915
26568916
26568917
26568918
26617730
26617731
26617732
26617733
26617734
26617735
26617736
26617737
26617738
26617739
26617740
26617741
26617742
26617743
26617744
26617745
26617746
26617747
26617748
26617749
26617750
26617751
26617752
26617753
26617754
26617755
26617756
26617757
26940567
26940568
26940569
26940570
26940571
26940572
26940573
26940574
26940575
26940576
26940577
26940578
